	../only_chromosome/GCF_002777035.1_ASM277703v1_genomic.fna	../only_chromosome/GCF_002777075.1_ASM277707v1_genomic.fna	../only_chromosome/GCF_002777055.1_ASM277705v1_genomic.fna	../only_chromosome/GCF_002776885.1_ASM277688v1_genomic.fna	../only_chromosome/GCF_002776845.1_ASM277684v1_genomic.fna	../only_chromosome/GCF_002777135.1_ASM277713v1_genomic.fna	../only_chromosome/GCF_002777155.1_ASM277715v1_genomic.fna	../only_chromosome/GCF_000173515.1_ASM17351v1_genomic.fna	../only_chromosome/GCF_002776795.1_ASM277679v1_genomic.fna	../only_chromosome/GCF_002776745.1_ASM277674v1_genomic.fna	../only_chromosome/GCF_000173535.1_ASM17353v1_genomic.fna	../only_chromosome/GCF_000026925.1_ASM2692v1_genomic.fna	../only_chromosome/GCF_000026905.1_ASM2690v1_genomic.fna	../only_chromosome/GCF_002777095.1_ASM277709v1_genomic.fna	../only_chromosome/GCF_000173495.1_ASM17349v1_genomic.fna	../only_chromosome/GCF_000173475.1_ASM17347v1_genomic.fna	../only_chromosome/GCF_000590755.1_ASM59075v1_genomic.fna	../only_chromosome/GCF_000590715.1_ASM59071v1_genomic.fna	../only_chromosome/GCF_002777115.1_ASM277711v1_genomic.fna	../only_chromosome/GCF_002776935.1_ASM277693v1_genomic.fna	../only_chromosome/GCF_000092745.1_ASM9274v1_genomic.fna	../only_chromosome/GCF_000590655.1_ASM59065v1_genomic.fna	../only_chromosome/GCF_002776915.1_ASM277691v1_genomic.fna	../only_chromosome/GCF_000092665.1_ASM9266v1_genomic.fna	../only_chromosome/GCF_000304495.1_Cm_ESW3_genomic.fna	../only_chromosome/GCF_000092725.1_ASM9272v1_genomic.fna	../only_chromosome/GCF_000590635.1_ASM59063v1_genomic.fna	../only_chromosome/GCF_000210495.1_ASM21049v1_genomic.fna	../only_chromosome/GCF_000092805.1_ASM9280v1_genomic.fna	../only_chromosome/GCF_000092685.1_ASM9268v1_genomic.fna	../only_chromosome/GCF_000174055.1_ASM17405v1_genomic.fna	../only_chromosome/GCF_000590735.1_ASM59073v1_genomic.fna	../only_chromosome/GCF_000590615.1_ASM59061v1_genomic.fna	../only_chromosome/GCF_000304535.1_Cm_FSW5_genomic.fna	../only_chromosome/GCF_000304515.1_Cm_FSW4_genomic.fna	../only_chromosome/GCF_000590675.1_ASM59067v1_genomic.fna	../only_chromosome/GCF_000969805.1_ASM96980v1_genomic.fna	../only_chromosome/GCF_000969785.1_ASM96978v1_genomic.fna	../only_chromosome/GCF_000590595.1_ASM59059v1_genomic.fna	../only_chromosome/GCF_002777015.1_ASM277701v1_genomic.fna	../only_chromosome/GCF_002776995.1_ASM277699v1_genomic.fna	../only_chromosome/GCF_002776975.1_ASM277697v1_genomic.fna	../only_chromosome/GCF_002776955.1_ASM277695v1_genomic.fna	../only_chromosome/GCF_000590575.1_ASM59057v1_genomic.fna	../only_chromosome/GCF_000008725.1_ASM872v1_genomic.fna	../only_chromosome/GCF_000092705.1_ASM9270v1_genomic.fna	../only_chromosome/GCF_000590695.1_ASM59069v1_genomic.fna	../only_chromosome/GCF_036285905.1_ASM3628590v1_genomic.fna	../only_chromosome/GCF_000318825.1_ASM31882v1_genomic.fna	../only_chromosome/GCF_000068525.2_ASM6852v2_genomic.fna	../only_chromosome/GCF_000068585.1_ASM6858v1_genomic.fna	../only_chromosome/GCF_000318885.1_ASM31888v1_genomic.fna	../only_chromosome/GCF_000220105.1_ASM22010v1_genomic.fna	../only_chromosome/J_ref.fna	../only_chromosome/GCF_001655495.1_ASM165549v1_genomic.fna	../only_chromosome/GCF_001655535.1_ASM165553v1_genomic.fna	../only_chromosome/H_ref.fna	../only_chromosome/Ja_ref.fna	../only_chromosome/GCF_000012125.1_ASM1212v1_genomic.fna	../only_chromosome/GCF_001729885.1_ASM172988v1_genomic.fna	../only_chromosome/B_ref.fna	../only_chromosome/GCF_001729845.1_ASM172984v1_genomic.fna	../only_chromosome/GCF_001729865.1_ASM172986v1_genomic.fna	../only_chromosome/GCF_001729905.1_ASM172990v1_genomic.fna	../only_chromosome/GCF_000318565.1_ASM31856v1_genomic.fna	../only_chromosome/GCF_000226605.1_ASM22660v1_genomic.fna	../only_chromosome/Ba_ref.fna	../only_chromosome/A_ref.fna	../only_chromosome/GCF_000318525.1_ASM31852v2_genomic.fna	../only_chromosome/C_ref.fna	../only_chromosome/GCF_000507225.1_ASM50722v1_genomic.fna	../only_chromosome/K_ref.fna	../only_chromosome/GCF_001183825.1_ASM118382v1_genomic.fna	../only_chromosome/GCF_001183805.1_ASM118380v1_genomic.fna	../only_chromosome/I_ref.fna	../only_chromosome/GCF_001655335.1_ASM165533v1_genomic.fna	../only_chromosome/GCF_001655375.1_ASM165537v1_genomic.fna	../only_chromosome/GCF_000348845.1_ASM34884v1_genomic.fna	../only_chromosome/GCF_000348825.1_ASM34882v1_genomic.fna	../only_chromosome/GCF_001655415.1_ASM165541v1_genomic.fna	../only_chromosome/Ia_ref.fna	../only_chromosome/GCF_000318785.1_ASM31878v1_genomic.fna	../only_chromosome/GCF_001655575.1_ASM165557v1_genomic.fna	../only_chromosome/GCF_001655455.1_ASM165545v1_genomic.fna	../only_chromosome/F_ref.fna	../only_chromosome/GCF_001183765.1_ASM118376v1_genomic.fna	../only_chromosome/GCF_000318765.1_ASM31876v1_genomic.fna	../only_chromosome/D_ref.fna	../only_chromosome/E_ref.fna	../only_chromosome/GCF_000318665.1_ASM31866v1_genomic.fna	../only_chromosome/GCF_000318645.1_ASM31864v1_genomic.fna	../only_chromosome/GCF_000092485.1_ASM9248v1_genomic.fna	../only_chromosome/GCF_000093005.1_ASM9300v1_genomic.fna	../only_chromosome/G_ref.fna	../only_chromosome/Da_ref.fna	../only_chromosome/GCF_001183845.1_ASM118384v1_genomic.fna	../only_chromosome/L1_ref.fna	../only_chromosome/GCF_000319165.1_ASM31916v1_genomic.fna	../only_chromosome/L3_ref.fna	../only_chromosome/GCF_000319105.1_ASM31910v1_genomic.fna	../only_chromosome/GCF_000318845.1_ASM31884v1_genomic.fna	../only_chromosome/L2_ref.fna	../only_chromosome/GCF_000971725.1_ASM97172v1_genomic.fna	../only_chromosome/GCF_000971705.1_ASM97170v1_genomic.fna	../only_chromosome/GCF_000318905.1_ASM31890v1_genomic.fna	../only_chromosome/GCF_000318925.1_ASM31892v1_genomic.fna	../only_chromosome/GCF_000364765.1_ASM36476v1_genomic.fna	../only_chromosome/GCF_000364785.1_ASM36478v1_genomic.fna	../only_chromosome/GCF_000318865.1_ASM31886v1_genomic.fna	../only_chromosome/GCF_000318985.1_ASM31898v1_genomic.fna	../only_chromosome/L2c_ref.fna	../only_chromosome/L2a_ref.fna	../only_chromosome/GCF_025723025.1_ASM2572302v1_genomic.fna
../only_chromosome/GCF_002777035.1_ASM277703v1_genomic.fna	0.0	0.0	0.0	0.06626299999999996	0.06626299999999996	0.07895799999999997	0.07895799999999997	0.285829	0.29799200000000003	0.29799200000000003	0.28413200000000005	0.13513699999999995	0.136374	0.297844	0.047877999999999976	0.049176	0.055810000000000026	0.05543100000000001	0.297844	0.05346899999999999	0.291805	0.292679	0.052185999999999955	0.291277	0.293485	0.09040300000000001	0.279467	0.288331	0.09210700000000005	0.09210700000000005	0.278833	0.30438600000000005	0.275833	0.28492799999999996	0.27612000000000003	0.27853000000000006	0.283501	0.29076599999999997	0.283579	0.05286999999999997	0.05193000000000003	0.051066999999999974	0.05468799999999996	0.28789600000000004	0.07244799999999996	0.07660699999999998	0.06916500000000003	0.334599	0.334599	0.33384899999999995	0.319214	0.319214	0.308199	0.007616999999999985	0.28547100000000003	0.291293	0.057174999999999976	0.006561999999999957	0.142644	0.15514099999999997	0.15103599999999995	0.15248300000000004	0.165389	0.15171400000000002	0.12993600000000005	0.13032299999999997	0.15556099999999995	0.134521	0.13089499999999998	0.14919300000000002	0.14919300000000002	0.07617499999999999	0.29395000000000004	0.293149	0.07542099999999996	0.28735	0.290447	0.293531	0.293531	0.29233600000000004	0.05166599999999999	0.05297600000000002	0.279589	0.28835299999999997	0.283802	0.06846699999999994	0.05035500000000004	0.07311999999999996	0.29430999999999996	0.28901299999999996	0.293531	0.07244799999999996	0.07244799999999996	0.08345599999999997	0.27060799999999996	0.07327099999999998	0.334599	0.332283	0.336368	0.336368	0.329245	0.307017	0.33384899999999995	0.33384899999999995	0.33384899999999995	0.33384899999999995	0.319214	0.319214	0.33111900000000005	0.33384899999999995	0.30910899999999997	0.33172599999999997	0.33384899999999995
../only_chromosome/GCF_002777075.1_ASM277707v1_genomic.fna	0.0	0.0	0.0	0.06626299999999996	0.06626299999999996	0.07895799999999997	0.07895799999999997	0.285829	0.29799200000000003	0.29799200000000003	0.28413200000000005	0.13513699999999995	0.136374	0.297844	0.047877999999999976	0.049176	0.055810000000000026	0.05543100000000001	0.297844	0.05346899999999999	0.291805	0.292679	0.052185999999999955	0.291277	0.293485	0.09040300000000001	0.279467	0.288331	0.09210700000000005	0.09210700000000005	0.278833	0.30438600000000005	0.275833	0.28492799999999996	0.27612000000000003	0.27853000000000006	0.283501	0.29076599999999997	0.283579	0.05286999999999997	0.05193000000000003	0.051066999999999974	0.05468799999999996	0.28789600000000004	0.07244799999999996	0.07660699999999998	0.06916500000000003	0.334599	0.334599	0.33384899999999995	0.319214	0.319214	0.308199	0.007616999999999985	0.28547100000000003	0.291293	0.057174999999999976	0.006561999999999957	0.142644	0.15514099999999997	0.15103599999999995	0.15248300000000004	0.165389	0.15171400000000002	0.12993600000000005	0.13032299999999997	0.15556099999999995	0.134521	0.13089499999999998	0.14919300000000002	0.14919300000000002	0.07617499999999999	0.29395000000000004	0.293149	0.07542099999999996	0.28735	0.290447	0.293531	0.293531	0.29233600000000004	0.05166599999999999	0.05297600000000002	0.279589	0.28835299999999997	0.283802	0.06846699999999994	0.05035500000000004	0.07311999999999996	0.29430999999999996	0.28901299999999996	0.293531	0.07244799999999996	0.07244799999999996	0.08345599999999997	0.27060799999999996	0.07327099999999998	0.334599	0.332283	0.336368	0.336368	0.329245	0.307017	0.33384899999999995	0.33384899999999995	0.33384899999999995	0.33384899999999995	0.319214	0.319214	0.33111900000000005	0.33384899999999995	0.30910899999999997	0.33172599999999997	0.33384899999999995
../only_chromosome/GCF_002777055.1_ASM277705v1_genomic.fna	0.0	0.0	0.0	0.06626299999999996	0.06626299999999996	0.07895799999999997	0.07895799999999997	0.285829	0.29799200000000003	0.29799200000000003	0.28413200000000005	0.13513699999999995	0.136374	0.297844	0.047877999999999976	0.049176	0.055810000000000026	0.05543100000000001	0.297844	0.05346899999999999	0.291805	0.292679	0.052185999999999955	0.291277	0.293485	0.09040300000000001	0.279467	0.288331	0.09210700000000005	0.09210700000000005	0.278833	0.30438600000000005	0.275833	0.28492799999999996	0.27612000000000003	0.27853000000000006	0.283501	0.29076599999999997	0.283579	0.05286999999999997	0.05193000000000003	0.051066999999999974	0.05468799999999996	0.28789600000000004	0.07244799999999996	0.07660699999999998	0.06916500000000003	0.334599	0.334599	0.33384899999999995	0.319214	0.319214	0.308199	0.007616999999999985	0.28547100000000003	0.291293	0.057174999999999976	0.006561999999999957	0.142644	0.15514099999999997	0.15103599999999995	0.15248300000000004	0.165389	0.15171400000000002	0.12993600000000005	0.13032299999999997	0.15556099999999995	0.134521	0.13089499999999998	0.14919300000000002	0.14919300000000002	0.07617499999999999	0.29395000000000004	0.293149	0.07542099999999996	0.28735	0.290447	0.293531	0.293531	0.29233600000000004	0.05166599999999999	0.05297600000000002	0.279589	0.28835299999999997	0.283802	0.06846699999999994	0.05035500000000004	0.07311999999999996	0.29430999999999996	0.28901299999999996	0.293531	0.07244799999999996	0.07244799999999996	0.08345599999999997	0.27060799999999996	0.07327099999999998	0.334599	0.332283	0.336368	0.336368	0.329245	0.307017	0.33384899999999995	0.33384899999999995	0.33384899999999995	0.33384899999999995	0.319214	0.319214	0.33111900000000005	0.33384899999999995	0.30910899999999997	0.33172599999999997	0.33384899999999995
../only_chromosome/GCF_002776885.1_ASM277688v1_genomic.fna	0.06626299999999996	0.06626299999999996	0.06626299999999996	0.0	0.0	0.07150999999999996	0.07150999999999996	0.28520900000000005	0.302952	0.302952	0.283512	0.15022599999999997	0.15131099999999997	0.29376500000000005	0.07248699999999997	0.073797	0.080372	0.07621	0.29376500000000005	0.07932399999999995	0.28496900000000003	0.28583000000000003	0.07939200000000002	0.285729	0.289022	0.08076700000000003	0.28027899999999994	0.282783	0.079932	0.079932	0.28171500000000005	0.30493400000000004	0.26924099999999995	0.283265	0.276934	0.281413	0.281837	0.279976	0.28173000000000004	0.08125099999999996	0.08165500000000003	0.08080600000000004	0.08446399999999998	0.28605	0.034904000000000046	0.05890099999999998	0.018645000000000023	0.34233800000000003	0.34233800000000003	0.341572	0.32693799999999995	0.32693799999999995	0.31341399999999997	0.06871000000000005	0.28098999999999996	0.291335	0.028977999999999948	0.06762599999999996	0.15871500000000005	0.17025100000000004	0.16285099999999997	0.167578	0.180415	0.16680399999999995	0.14480300000000002	0.14523399999999997	0.168497	0.14678899999999995	0.14575400000000005	0.16558499999999998	0.16558499999999998	0.034026	0.28981599999999996	0.28523200000000004	0.03732800000000003	0.283064	0.28598100000000004	0.286979	0.286979	0.287872	0.07887999999999995	0.08020400000000005	0.276848	0.28669	0.282138	0.016511000000000053	0.08008499999999996	0.03558899999999998	0.28640299999999996	0.28454999999999997	0.285625	0.034904000000000046	0.034904000000000046	0.04415599999999997	0.273494	0.04279999999999995	0.34233800000000003	0.34000600000000003	0.34410300000000005	0.34410300000000005	0.33591400000000005	0.316126	0.341572	0.341572	0.341572	0.341572	0.32693799999999995	0.32693799999999995	0.33777999999999997	0.341572	0.31432099999999996	0.33805799999999997	0.341572
../only_chromosome/GCF_002776845.1_ASM277684v1_genomic.fna	0.06626299999999996	0.06626299999999996	0.06626299999999996	0.0	0.0	0.07150999999999996	0.07150999999999996	0.28520900000000005	0.302952	0.302952	0.283512	0.15022599999999997	0.15131099999999997	0.29376500000000005	0.07248699999999997	0.073797	0.080372	0.07621	0.29376500000000005	0.07932399999999995	0.28496900000000003	0.28583000000000003	0.07939200000000002	0.285729	0.289022	0.08076700000000003	0.28027899999999994	0.282783	0.079932	0.079932	0.28171500000000005	0.30493400000000004	0.26924099999999995	0.283265	0.276934	0.281413	0.281837	0.279976	0.28173000000000004	0.08125099999999996	0.08165500000000003	0.08080600000000004	0.08446399999999998	0.28605	0.034904000000000046	0.05890099999999998	0.018645000000000023	0.34233800000000003	0.34233800000000003	0.341572	0.32693799999999995	0.32693799999999995	0.31341399999999997	0.06871000000000005	0.28098999999999996	0.291335	0.028977999999999948	0.06762599999999996	0.15871500000000005	0.17025100000000004	0.16285099999999997	0.167578	0.180415	0.16680399999999995	0.14480300000000002	0.14523399999999997	0.168497	0.14678899999999995	0.14575400000000005	0.16558499999999998	0.16558499999999998	0.034026	0.28981599999999996	0.28523200000000004	0.03732800000000003	0.283064	0.28598100000000004	0.286979	0.286979	0.287872	0.07887999999999995	0.08020400000000005	0.276848	0.28669	0.282138	0.016511000000000053	0.08008499999999996	0.03558899999999998	0.28640299999999996	0.28454999999999997	0.285625	0.034904000000000046	0.034904000000000046	0.04415599999999997	0.273494	0.04279999999999995	0.34233800000000003	0.34000600000000003	0.34410300000000005	0.34410300000000005	0.33591400000000005	0.316126	0.341572	0.341572	0.341572	0.341572	0.32693799999999995	0.32693799999999995	0.33777999999999997	0.341572	0.31432099999999996	0.33805799999999997	0.341572
../only_chromosome/GCF_002777135.1_ASM277713v1_genomic.fna	0.07895799999999997	0.07895799999999997	0.07895799999999997	0.07150999999999996	0.07150999999999996	0.0	0.0	0.29476199999999997	0.30494600000000005	0.30494600000000005	0.293091	0.16166400000000003	0.16063400000000005	0.301729	0.055254000000000025	0.056579000000000046	0.06317799999999996	0.07451399999999997	0.301729	0.076492	0.295347	0.295164	0.07516299999999998	0.29021300000000005	0.29556899999999997	0.09551399999999999	0.28566499999999995	0.29319799999999996	0.09470500000000004	0.09470500000000004	0.28699300000000005	0.30925899999999995	0.27854500000000004	0.28875300000000004	0.28234499999999996	0.286694	0.28730100000000003	0.28661899999999996	0.287378	0.07842499999999997	0.07743	0.07658399999999999	0.08029799999999998	0.29174199999999995	0.07808499999999996	0.08380900000000002	0.08182800000000001	0.346356	0.346356	0.34553	0.330792	0.330792	0.326229	0.07923000000000002	0.28761099999999995	0.293411	0.06511100000000003	0.07812200000000002	0.166829	0.17245900000000003	0.17815499999999995	0.16973800000000006	0.18254199999999998	0.16894900000000002	0.15390800000000004	0.154447	0.176554	0.15701900000000002	0.15484900000000001	0.176261	0.176261	0.07315000000000005	0.29391599999999996	0.29565699999999995	0.08452300000000001	0.28833699999999995	0.292523	0.29599600000000004	0.29599600000000004	0.29441300000000004	0.07465299999999997	0.07599699999999998	0.286145	0.290918	0.28759999999999997	0.07775100000000001	0.07585200000000003	0.07874999999999999	0.29678899999999997	0.29103999999999997	0.29599600000000004	0.07808499999999996	0.07808499999999996	0.08788099999999999	0.27668499999999996	0.07609600000000005	0.346356	0.343951	0.348121	0.348121	0.338399	0.318553	0.34553	0.34553	0.34553	0.34553	0.330792	0.330792	0.34025000000000005	0.34553	0.32712300000000005	0.34329699999999996	0.34553
../only_chromosome/GCF_002777155.1_ASM277715v1_genomic.fna	0.07895799999999997	0.07895799999999997	0.07895799999999997	0.07150999999999996	0.07150999999999996	0.0	0.0	0.29476199999999997	0.30494600000000005	0.30494600000000005	0.293091	0.16166400000000003	0.16063400000000005	0.301729	0.055254000000000025	0.056579000000000046	0.06317799999999996	0.07451399999999997	0.301729	0.076492	0.295347	0.295164	0.07516299999999998	0.29021300000000005	0.29556899999999997	0.09551399999999999	0.28566499999999995	0.29319799999999996	0.09470500000000004	0.09470500000000004	0.28699300000000005	0.30925899999999995	0.27854500000000004	0.28875300000000004	0.28234499999999996	0.286694	0.28730100000000003	0.28661899999999996	0.287378	0.07842499999999997	0.07743	0.07658399999999999	0.08029799999999998	0.29174199999999995	0.07808499999999996	0.08380900000000002	0.08182800000000001	0.346356	0.346356	0.34553	0.330792	0.330792	0.326229	0.07923000000000002	0.28761099999999995	0.293411	0.06511100000000003	0.07812200000000002	0.166829	0.17245900000000003	0.17815499999999995	0.16973800000000006	0.18254199999999998	0.16894900000000002	0.15390800000000004	0.154447	0.176554	0.15701900000000002	0.15484900000000001	0.176261	0.176261	0.07315000000000005	0.29391599999999996	0.29565699999999995	0.08452300000000001	0.28833699999999995	0.292523	0.29599600000000004	0.29599600000000004	0.29441300000000004	0.07465299999999997	0.07599699999999998	0.286145	0.290918	0.28759999999999997	0.07775100000000001	0.07585200000000003	0.07874999999999999	0.29678899999999997	0.29103999999999997	0.29599600000000004	0.07808499999999996	0.07808499999999996	0.08788099999999999	0.27668499999999996	0.07609600000000005	0.346356	0.343951	0.348121	0.348121	0.338399	0.318553	0.34553	0.34553	0.34553	0.34553	0.330792	0.330792	0.34025000000000005	0.34553	0.32712300000000005	0.34329699999999996	0.34553
../only_chromosome/GCF_000173515.1_ASM17351v1_genomic.fna	0.285829	0.285829	0.285829	0.28520900000000005	0.28520900000000005	0.29476199999999997	0.29476199999999997	0.0	0.06079800000000002	0.06079800000000002	0.004557999999999951	0.274498	0.284964	0.07558200000000004	0.285327	0.286713	0.282292	0.284579	0.07558200000000004	0.284531	0.07103000000000004	0.07045900000000005	0.28381199999999995	0.06720999999999999	0.070847	0.29593	0.07691599999999998	0.08528899999999995	0.29525500000000005	0.29525500000000005	0.07302299999999995	0.08440000000000003	0.07199500000000003	0.06810700000000003	0.06852499999999995	0.07727300000000004	0.06677999999999995	0.06834099999999999	0.06686800000000004	0.286381	0.285964	0.28520100000000004	0.2822	0.07109100000000002	0.30047199999999996	0.300424	0.29052500000000003	0.35163	0.35163	0.350514	0.333824	0.333824	0.339854	0.28624099999999997	0.07417300000000004	0.06486199999999998	0.280473	0.28507400000000005	0.287826	0.301994	0.297593	0.299222	0.310389	0.298411	0.284462	0.283482	0.29826699999999995	0.28558700000000004	0.285346	0.30559400000000003	0.30559400000000003	0.29679199999999994	0.06742899999999996	0.07800799999999997	0.29993099999999995	0.06443600000000005	0.06805000000000005	0.07418999999999998	0.07418999999999998	0.06968600000000003	0.28335200000000005	0.284745	0.07571700000000003	0.07181899999999997	0.06712099999999999	0.28746499999999997	0.28443300000000005	0.301067	0.07490200000000002	0.06267699999999998	0.07418999999999998	0.30047199999999996	0.30047199999999996	0.291786	0.10437799999999997	0.293474	0.35163	0.348955	0.34899899999999995	0.34899899999999995	0.352286	0.337581	0.350514	0.350514	0.350514	0.350514	0.333824	0.333824	0.350268	0.350514	0.340751	0.35012699999999997	0.350514
../only_chromosome/GCF_002776795.1_ASM277679v1_genomic.fna	0.29799200000000003	0.29799200000000003	0.29799200000000003	0.302952	0.302952	0.30494600000000005	0.30494600000000005	0.06079800000000002	0.0	0.0	0.06329300000000004	0.287648	0.29771899999999996	0.05648399999999998	0.29157900000000003	0.29047	0.288558	0.290864	0.05648399999999998	0.290814	0.07048900000000002	0.067168	0.2901	0.06533599999999995	0.06898199999999999	0.30721600000000004	0.050011999999999945	0.083376	0.30654499999999996	0.30654499999999996	0.03697600000000001	0.087179	0.06010300000000002	0.04110899999999995	0.04935299999999998	0.036627999999999994	0.03980300000000003	0.06850400000000001	0.03989200000000004	0.29266000000000003	0.29224700000000003	0.291485	0.28848700000000005	0.04408699999999999	0.317991	0.30092300000000005	0.30369199999999996	0.3427	0.3427	0.34162000000000003	0.324966	0.324966	0.33100300000000005	0.29840500000000003	0.07433199999999995	0.05266199999999999	0.302624	0.29723999999999995	0.30058300000000004	0.31015000000000004	0.308195	0.307389	0.318527	0.306581	0.29720500000000005	0.296237	0.310979	0.29869599999999996	0.298084	0.31165699999999996	0.31165699999999996	0.31431699999999996	0.042239000000000027	0.077434	0.313083	0.06257400000000002	0.06618599999999997	0.07364400000000004	0.07364400000000004	0.06782200000000005	0.28964	0.29102700000000004	0.048732	0.047427	0.04015000000000002	0.300658	0.290721	0.31858200000000003	0.07435099999999994	0.07303599999999999	0.07364400000000004	0.317991	0.317991	0.310084	0.070295	0.31099	0.3427	0.340066	0.34007699999999996	0.34007699999999996	0.34330099999999997	0.32907200000000003	0.34162000000000003	0.34162000000000003	0.34162000000000003	0.34162000000000003	0.324966	0.324966	0.341303	0.34162000000000003	0.33190699999999995	0.341282	0.34162000000000003
../only_chromosome/GCF_002776745.1_ASM277674v1_genomic.fna	0.29799200000000003	0.29799200000000003	0.29799200000000003	0.302952	0.302952	0.30494600000000005	0.30494600000000005	0.06079800000000002	0.0	0.0	0.06329300000000004	0.287648	0.29771899999999996	0.05648399999999998	0.29157900000000003	0.29047	0.288558	0.290864	0.05648399999999998	0.290814	0.07048900000000002	0.067168	0.2901	0.06533599999999995	0.06898199999999999	0.30721600000000004	0.050011999999999945	0.083376	0.30654499999999996	0.30654499999999996	0.03697600000000001	0.087179	0.06010300000000002	0.04110899999999995	0.04935299999999998	0.036627999999999994	0.03980300000000003	0.06850400000000001	0.03989200000000004	0.29266000000000003	0.29224700000000003	0.291485	0.28848700000000005	0.04408699999999999	0.317991	0.30092300000000005	0.30369199999999996	0.3427	0.3427	0.34162000000000003	0.324966	0.324966	0.33100300000000005	0.29840500000000003	0.07433199999999995	0.05266199999999999	0.302624	0.29723999999999995	0.30058300000000004	0.31015000000000004	0.308195	0.307389	0.318527	0.306581	0.29720500000000005	0.296237	0.310979	0.29869599999999996	0.298084	0.31165699999999996	0.31165699999999996	0.31431699999999996	0.042239000000000027	0.077434	0.313083	0.06257400000000002	0.06618599999999997	0.07364400000000004	0.07364400000000004	0.06782200000000005	0.28964	0.29102700000000004	0.048732	0.047427	0.04015000000000002	0.300658	0.290721	0.31858200000000003	0.07435099999999994	0.07303599999999999	0.07364400000000004	0.317991	0.317991	0.310084	0.070295	0.31099	0.3427	0.340066	0.34007699999999996	0.34007699999999996	0.34330099999999997	0.32907200000000003	0.34162000000000003	0.34162000000000003	0.34162000000000003	0.34162000000000003	0.324966	0.324966	0.341303	0.34162000000000003	0.33190699999999995	0.341282	0.34162000000000003
../only_chromosome/GCF_000173535.1_ASM17353v1_genomic.fna	0.28413200000000005	0.28413200000000005	0.28413200000000005	0.283512	0.283512	0.293091	0.293091	0.004557999999999951	0.06329300000000004	0.06329300000000004	0.0	0.272779	0.28325900000000004	0.08013800000000004	0.28363499999999997	0.285023	0.280593	0.28286500000000003	0.08013800000000004	0.282818	0.07559000000000005	0.07504100000000002	0.282096	0.07180799999999998	0.07543500000000003	0.29629700000000003	0.08146799999999998	0.08989400000000003	0.295625	0.295625	0.07759099999999997	0.08685900000000002	0.07657599999999998	0.07267900000000005	0.07308499999999996	0.08184599999999997	0.07134600000000002	0.07297100000000001	0.071434	0.28467	0.284249	0.28348700000000004	0.28048700000000004	0.07566499999999998	0.30087699999999995	0.298728	0.290899	0.34753199999999995	0.34753199999999995	0.34641299999999997	0.329701	0.329701	0.33574000000000004	0.284547	0.07879800000000003	0.06737800000000005	0.278775	0.283377	0.28613599999999995	0.30032400000000004	0.29589299999999996	0.297546	0.30871499999999996	0.296733	0.282744	0.28176999999999996	0.29657900000000004	0.28387799999999996	0.283628	0.303901	0.303901	0.297188	0.07198000000000004	0.08258600000000005	0.30033	0.06902900000000001	0.07264000000000004	0.07874999999999999	0.07874999999999999	0.07427300000000003	0.281636	0.28303199999999995	0.08028800000000003	0.07642199999999999	0.07168600000000003	0.28785499999999997	0.282717	0.30147199999999996	0.07946600000000004	0.06725099999999995	0.07874999999999999	0.30087699999999995	0.30087699999999995	0.2922	0.10897400000000002	0.293855	0.34753199999999995	0.34485200000000005	0.344897	0.344897	0.34818899999999997	0.33346299999999995	0.34641299999999997	0.34641299999999997	0.34641299999999997	0.34641299999999997	0.329701	0.329701	0.34616800000000003	0.34641299999999997	0.33663699999999996	0.346025	0.34641299999999997
../only_chromosome/GCF_000026925.1_ASM2692v1_genomic.fna	0.13513699999999995	0.13513699999999995	0.13513699999999995	0.15022599999999997	0.15022599999999997	0.16166400000000003	0.16166400000000003	0.274498	0.287648	0.287648	0.272779	0.0	0.061521999999999966	0.29413999999999996	0.13695400000000002	0.13827599999999995	0.14081299999999997	0.14818699999999996	0.29413999999999996	0.14628399999999997	0.288636	0.29071899999999995	0.14495400000000003	0.278095	0.28312400000000004	0.14629999999999999	0.28676500000000005	0.29069199999999995	0.14550600000000002	0.14550600000000002	0.285474	0.285706	0.292007	0.28701	0.27825200000000005	0.28134899999999996	0.28559500000000004	0.28200099999999995	0.28567299999999995	0.14818299999999995	0.14717899999999995	0.146355	0.143111	0.28996500000000003	0.16255799999999998	0.15219099999999997	0.15382600000000002	0.34223099999999995	0.34223099999999995	0.34202600000000005	0.331326	0.331326	0.324758	0.13296300000000005	0.28196	0.277768	0.145158	0.13186399999999998	0.06564000000000003	0.09035599999999999	0.08609599999999995	0.087789	0.10100799999999999	0.08705099999999999	0.06848600000000005	0.06682999999999995	0.07188399999999995	0.04437199999999997	0.06948100000000001	0.08890799999999999	0.08890799999999999	0.15902499999999997	0.28961499999999996	0.28995000000000004	0.16025500000000004	0.27975700000000003	0.28079299999999996	0.290361	0.290361	0.282323	0.14445699999999995	0.145791	0.29439400000000004	0.28335999999999995	0.28589699999999996	0.150169	0.14562600000000003	0.16320100000000004	0.29113100000000003	0.27956499999999995	0.290361	0.16255799999999998	0.16255799999999998	0.166543	0.259313	0.16488899999999995	0.34223099999999995	0.34432799999999997	0.343994	0.343994	0.34266300000000005	0.32197	0.34202600000000005	0.34202600000000005	0.34202600000000005	0.34202600000000005	0.331326	0.331326	0.343156	0.34202600000000005	0.325662	0.34378299999999995	0.34202600000000005
../only_chromosome/GCF_000026905.1_ASM2690v1_genomic.fna	0.136374	0.136374	0.136374	0.15131099999999997	0.15131099999999997	0.16063400000000005	0.16063400000000005	0.284964	0.29771899999999996	0.29771899999999996	0.28325900000000004	0.061521999999999966	0.0	0.30309600000000003	0.13767799999999997	0.13900500000000005	0.141532	0.14939899999999995	0.30309600000000003	0.14749599999999996	0.298667	0.300787	0.146158	0.28855	0.293562	0.14986100000000002	0.29678000000000004	0.30007300000000003	0.149073	0.149073	0.29552199999999995	0.295663	0.30100400000000005	0.29706600000000005	0.288284	0.29139800000000005	0.29564199999999996	0.29251000000000005	0.29572	0.14939599999999997	0.14838399999999996	0.14756199999999997	0.144324	0.30002399999999996	0.16367299999999996	0.15360399999999996	0.15490199999999998	0.34482100000000004	0.34482100000000004	0.340209	0.329491	0.329491	0.32362899999999994	0.13420200000000004	0.29109799999999997	0.28823	0.14625	0.13309800000000005	0.05518999999999996	0.07129200000000002	0.09536800000000001	0.06873399999999996	0.08203700000000003	0.06799999999999995	0.017257999999999996	0.015456000000000025	0.05538200000000004	0.07467500000000005	0.018278000000000016	0.09816899999999995	0.09816899999999995	0.16012700000000002	0.29964	0.297581	0.162443	0.290207	0.29123600000000005	0.29932000000000003	0.29932000000000003	0.29276100000000005	0.14566199999999996	0.147003	0.30337499999999995	0.29346000000000005	0.29594299999999996	0.151266	0.146829	0.164315	0.30009600000000003	0.28998500000000005	0.29932000000000003	0.16367299999999996	0.16367299999999996	0.16768400000000006	0.272556	0.16598100000000005	0.34482100000000004	0.342514	0.346583	0.346583	0.339769	0.32149399999999995	0.340209	0.340209	0.340209	0.340209	0.329491	0.329491	0.34026100000000004	0.340209	0.32453299999999996	0.34196000000000004	0.340209
../only_chromosome/GCF_002777095.1_ASM277709v1_genomic.fna	0.297844	0.297844	0.297844	0.29376500000000005	0.29376500000000005	0.301729	0.301729	0.07558200000000004	0.05648399999999998	0.05648399999999998	0.08013800000000004	0.29413999999999996	0.30309600000000003	0.0	0.288994	0.28788	0.286006	0.28975399999999996	0.0	0.28969900000000004	0.02316600000000002	0.04213199999999995	0.28899600000000003	0.042293000000000025	0.045982999999999996	0.300292	0.02512700000000001	0.05924499999999999	0.299608	0.299608	0.046072	0.10470000000000002	0.05460299999999996	0.03674500000000003	0.044989999999999974	0.045726000000000044	0.03545200000000004	0.04532199999999997	0.03554199999999996	0.29154199999999997	0.29114300000000004	0.290378	0.28736700000000004	0.039713	0.30233699999999997	0.296793	0.292547	0.36185900000000004	0.36185900000000004	0.361892	0.34283699999999995	0.34283699999999995	0.34884000000000004	0.298245	0.05569400000000002	0.06236900000000001	0.289029	0.29708999999999997	0.30698899999999996	0.32104900000000003	0.31257999999999997	0.31830099999999995	0.329403	0.31749700000000003	0.30262500000000003	0.30163700000000004	0.317369	0.29836300000000004	0.303505	0.320531	0.320531	0.298709	0.037914	0.028947999999999974	0.29935100000000003	0.03955200000000003	0.04317700000000002	0.026622999999999952	0.026622999999999952	0.044825000000000004	0.288535	0.28991	0.04328900000000002	0.03496100000000002	0.03580099999999997	0.291485	0.28962	0.302936	0.025951999999999975	0.050073000000000034	0.02526600000000001	0.30233699999999997	0.30233699999999997	0.289778	0.07925099999999996	0.29299600000000003	0.36185900000000004	0.35922600000000005	0.35788699999999996	0.35788699999999996	0.361113	0.346927	0.361892	0.361892	0.361892	0.361892	0.34283699999999995	0.34283699999999995	0.35912	0.361892	0.34973699999999996	0.359067	0.361892
../only_chromosome/GCF_000173495.1_ASM17349v1_genomic.fna	0.047877999999999976	0.047877999999999976	0.047877999999999976	0.07248699999999997	0.07248699999999997	0.055254000000000025	0.055254000000000025	0.285327	0.29157900000000003	0.29157900000000003	0.28363499999999997	0.13695400000000002	0.13767799999999997	0.288994	0.0	0.0026760000000000117	0.009414999999999951	0.03273899999999996	0.288994	0.034684999999999966	0.282937	0.285173	0.03340500000000002	0.28104399999999996	0.28434000000000004	0.08113099999999995	0.271922	0.28302700000000003	0.08030000000000004	0.08030000000000004	0.271289	0.293496	0.26828300000000005	0.27740200000000004	0.26856899999999995	0.27098599999999995	0.27597000000000005	0.27665799999999996	0.27604799999999996	0.03662900000000002	0.035691999999999946	0.034823999999999966	0.03844800000000004	0.280378	0.07946200000000003	0.07179000000000002	0.074716	0.34231900000000004	0.34231900000000004	0.341537	0.326874	0.326874	0.31583399999999995	0.04810599999999998	0.28291900000000003	0.284586	0.06618999999999997	0.047024999999999983	0.141895	0.14995400000000003	0.15422400000000003	0.14728600000000003	0.160207	0.14651499999999995	0.131177	0.13159500000000002	0.15035500000000002	0.13488500000000003	0.13213299999999994	0.15236799999999995	0.15236799999999995	0.07851300000000005	0.28260700000000005	0.284285	0.076179	0.277108	0.28129400000000004	0.28466800000000003	0.28466800000000003	0.283188	0.03288199999999997	0.034192	0.275894	0.27947599999999995	0.27627199999999996	0.06941399999999998	0.03411299999999995	0.08013000000000003	0.28544899999999995	0.27985499999999996	0.28466800000000003	0.07946200000000003	0.07946200000000003	0.08915300000000004	0.26304399999999994	0.07362500000000005	0.34231900000000004	0.33996800000000005	0.34408399999999995	0.34408399999999995	0.33838900000000005	0.314673	0.341537	0.341537	0.341537	0.341537	0.326874	0.326874	0.338866	0.341537	0.31673799999999996	0.33936999999999995	0.341537
../only_chromosome/GCF_000173475.1_ASM17347v1_genomic.fna	0.049176	0.049176	0.049176	0.073797	0.073797	0.056579000000000046	0.056579000000000046	0.286713	0.29047	0.29047	0.285023	0.13827599999999995	0.13900500000000005	0.28788	0.0026760000000000117	0.0	0.010697999999999985	0.03400700000000001	0.28788	0.03595499999999996	0.28181999999999996	0.28406	0.034672000000000036	0.27993100000000004	0.283227	0.082426	0.27079600000000004	0.281914	0.08159799999999995	0.08159799999999995	0.270165	0.294849	0.26715900000000004	0.27628299999999995	0.267443	0.26986200000000005	0.274849	0.27554599999999996	0.27492700000000003	0.037899000000000016	0.036958000000000046	0.03609200000000001	0.03972299999999995	0.279261	0.08078399999999997	0.07307699999999995	0.07601800000000003	0.34377599999999997	0.34377599999999997	0.34298700000000004	0.32831600000000005	0.32831600000000005	0.317269	0.04940800000000001	0.28181	0.28347500000000003	0.06750500000000004	0.048324000000000034	0.14323799999999998	0.15130900000000003	0.15554400000000002	0.148636	0.16154800000000002	0.14786200000000005	0.132482	0.132911	0.15169	0.13620200000000005	0.13343700000000003	0.15368400000000004	0.15368400000000004	0.07982900000000004	0.28148799999999996	0.283169	0.07749499999999998	0.275992	0.28017899999999996	0.283551	0.283551	0.28207400000000005	0.034148999999999985	0.035461999999999994	0.27477300000000004	0.278362	0.27515100000000003	0.07072900000000004	0.03537900000000005	0.08145100000000005	0.28433299999999995	0.27873800000000004	0.283551	0.08078399999999997	0.08078399999999997	0.09049200000000002	0.26191600000000004	0.07493000000000005	0.34377599999999997	0.34141699999999997	0.345541	0.345541	0.339855	0.31611199999999995	0.34298700000000004	0.34298700000000004	0.34298700000000004	0.34298700000000004	0.32831600000000005	0.32831600000000005	0.340329	0.34298700000000004	0.318172	0.34080900000000003	0.34298700000000004
../only_chromosome/GCF_000590755.1_ASM59075v1_genomic.fna	0.055810000000000026	0.055810000000000026	0.055810000000000026	0.080372	0.080372	0.06317799999999996	0.06317799999999996	0.282292	0.288558	0.288558	0.280593	0.14081299999999997	0.141532	0.286006	0.009414999999999951	0.010697999999999985	0.0	0.04069500000000004	0.286006	0.042637999999999954	0.27995099999999995	0.28216300000000005	0.04135999999999995	0.27802099999999996	0.281324	0.08899500000000005	0.268961	0.280002	0.088167	0.088167	0.269019	0.294354	0.265293	0.274408	0.26559900000000003	0.26871500000000004	0.27298199999999995	0.273609	0.27305999999999997	0.044578000000000007	0.04364199999999996	0.042776000000000036	0.04639300000000002	0.27737900000000004	0.08595200000000003	0.07967100000000005	0.08121699999999998	0.342318	0.342318	0.341549	0.326912	0.326912	0.315893	0.05603999999999998	0.27986900000000003	0.28155399999999997	0.07408999999999999	0.05496000000000001	0.14573000000000003	0.15376999999999996	0.15805999999999998	0.15110999999999997	0.16401900000000003	0.15034099999999995	0.13893599999999995	0.13546499999999995	0.15418500000000002	0.13875000000000004	0.13988999999999996	0.15620900000000004	0.15620900000000004	0.085005	0.279625	0.281284	0.084059	0.27409399999999995	0.278278	0.28168099999999996	0.28168099999999996	0.280173	0.04083800000000004	0.04214499999999999	0.272906	0.27645200000000003	0.273285	0.07730700000000001	0.04206600000000005	0.086619	0.282459	0.27685499999999996	0.28168099999999996	0.08595200000000003	0.08595200000000003	0.09701099999999996	0.260061	0.08012799999999998	0.342318	0.33998300000000004	0.344082	0.344082	0.338376	0.31472500000000003	0.341549	0.341549	0.341549	0.341549	0.326912	0.326912	0.338858	0.341549	0.316798	0.33940099999999995	0.341549
../only_chromosome/GCF_000590715.1_ASM59071v1_genomic.fna	0.05543100000000001	0.05543100000000001	0.05543100000000001	0.07621	0.07621	0.07451399999999997	0.07451399999999997	0.284579	0.290864	0.290864	0.28286500000000003	0.14818699999999996	0.14939899999999995	0.28975399999999996	0.03273899999999996	0.03400700000000001	0.04069500000000004	0.0	0.28975399999999996	0.005507999999999957	0.28372600000000003	0.28451800000000005	0.004287000000000041	0.281705	0.285018	0.09196000000000004	0.27283599999999997	0.28367699999999996	0.091117	0.091117	0.270787	0.29547199999999996	0.267756	0.276833	0.268116	0.27048099999999997	0.27542900000000003	0.277243	0.275508	0.007456000000000018	0.0065870000000000095	0.005696999999999952	0.009206000000000047	0.27978099999999995	0.08614599999999994	0.07571399999999995	0.07712600000000003	0.34012600000000004	0.34012600000000004	0.339419	0.32488799999999995	0.32488799999999995	0.31395799999999996	0.055632000000000015	0.28347900000000004	0.285203	0.07553399999999999	0.05457500000000004	0.15348099999999998	0.16333699999999995	0.16287200000000002	0.16071899999999995	0.17361000000000004	0.15996200000000005	0.143081	0.14342299999999997	0.166362	0.14616300000000004	0.14403999999999995	0.16105400000000003	0.16105400000000003	0.08524799999999999	0.282069	0.28501699999999996	0.08379999999999999	0.277813	0.28198199999999995	0.285451	0.285451	0.28387399999999996	0.003750999999999949	0.005017999999999967	0.275354	0.280141	0.27573400000000003	0.07172500000000004	0.0050120000000000164	0.08681899999999998	0.286215	0.28060300000000005	0.285451	0.08614599999999994	0.08614599999999994	0.09116999999999997	0.262563	0.08047899999999997	0.34012600000000004	0.33786499999999997	0.34189	0.34189	0.336125	0.31275600000000003	0.339419	0.339419	0.339419	0.339419	0.32488799999999995	0.32488799999999995	0.33663200000000004	0.339419	0.314871	0.33736	0.339419
