##Names	../only_chromosome/GCF_002777035.1_ASM277703v1_genomic.fna	../only_chromosome/GCF_002777075.1_ASM277707v1_genomic.fna	../only_chromosome/GCF_002777055.1_ASM277705v1_genomic.fna	../only_chromosome/GCF_002776885.1_ASM277688v1_genomic.fna	../only_chromosome/GCF_002776845.1_ASM277684v1_genomic.fna	../only_chromosome/GCF_002777135.1_ASM277713v1_genomic.fna	../only_chromosome/GCF_002777155.1_ASM277715v1_genomic.fna	../only_chromosome/GCF_000173515.1_ASM17351v1_genomic.fna	../only_chromosome/GCF_002776795.1_ASM277679v1_genomic.fna	../only_chromosome/GCF_002776745.1_ASM277674v1_genomic.fna	../only_chromosome/GCF_000173535.1_ASM17353v1_genomic.fna	../only_chromosome/GCF_000026925.1_ASM2692v1_genomic.fna	../only_chromosome/GCF_000026905.1_ASM2690v1_genomic.fna	../only_chromosome/GCF_002777095.1_ASM277709v1_genomic.fna	../only_chromosome/GCF_000173495.1_ASM17349v1_genomic.fna	../only_chromosome/GCF_000173475.1_ASM17347v1_genomic.fna	../only_chromosome/GCF_000590755.1_ASM59075v1_genomic.fna	../only_chromosome/GCF_000590715.1_ASM59071v1_genomic.fna	../only_chromosome/GCF_002777115.1_ASM277711v1_genomic.fna	../only_chromosome/GCF_002776935.1_ASM277693v1_genomic.fna	../only_chromosome/GCF_000092745.1_ASM9274v1_genomic.fna	../only_chromosome/GCF_000590655.1_ASM59065v1_genomic.fna	../only_chromosome/GCF_002776915.1_ASM277691v1_genomic.fna	../only_chromosome/GCF_000092665.1_ASM9266v1_genomic.fna	../only_chromosome/GCF_000304495.1_Cm_ESW3_genomic.fna	../only_chromosome/GCF_000092725.1_ASM9272v1_genomic.fna	../only_chromosome/GCF_000590635.1_ASM59063v1_genomic.fna	../only_chromosome/GCF_000210495.1_ASM21049v1_genomic.fna	../only_chromosome/GCF_000092805.1_ASM9280v1_genomic.fna	../only_chromosome/GCF_000092685.1_ASM9268v1_genomic.fna	../only_chromosome/GCF_000174055.1_ASM17405v1_genomic.fna	../only_chromosome/GCF_000590735.1_ASM59073v1_genomic.fna	../only_chromosome/GCF_000590615.1_ASM59061v1_genomic.fna	../only_chromosome/GCF_000304535.1_Cm_FSW5_genomic.fna	../only_chromosome/GCF_000304515.1_Cm_FSW4_genomic.fna	../only_chromosome/GCF_000590675.1_ASM59067v1_genomic.fna	../only_chromosome/GCF_000969805.1_ASM96980v1_genomic.fna	../only_chromosome/GCF_000969785.1_ASM96978v1_genomic.fna	../only_chromosome/GCF_000590595.1_ASM59059v1_genomic.fna	../only_chromosome/GCF_002777015.1_ASM277701v1_genomic.fna	../only_chromosome/GCF_002776995.1_ASM277699v1_genomic.fna	../only_chromosome/GCF_002776975.1_ASM277697v1_genomic.fna	../only_chromosome/GCF_002776955.1_ASM277695v1_genomic.fna	../only_chromosome/GCF_000590575.1_ASM59057v1_genomic.fna	../only_chromosome/GCF_000008725.1_ASM872v1_genomic.fna	../only_chromosome/GCF_000092705.1_ASM9270v1_genomic.fna	../only_chromosome/GCF_000590695.1_ASM59069v1_genomic.fna	../only_chromosome/GCF_036285905.1_ASM3628590v1_genomic.fna	../only_chromosome/GCF_000318825.1_ASM31882v1_genomic.fna	../only_chromosome/GCF_000068525.2_ASM6852v2_genomic.fna	../only_chromosome/GCF_000068585.1_ASM6858v1_genomic.fna	../only_chromosome/GCF_000318885.1_ASM31888v1_genomic.fna	../only_chromosome/GCF_000220105.1_ASM22010v1_genomic.fna	../only_chromosome/J_ref.fna	../only_chromosome/GCF_001655495.1_ASM165549v1_genomic.fna	../only_chromosome/GCF_001655535.1_ASM165553v1_genomic.fna	../only_chromosome/H_ref.fna	../only_chromosome/Ja_ref.fna	../only_chromosome/GCF_000012125.1_ASM1212v1_genomic.fna	../only_chromosome/GCF_001729885.1_ASM172988v1_genomic.fna	../only_chromosome/B_ref.fna	../only_chromosome/GCF_001729845.1_ASM172984v1_genomic.fna	../only_chromosome/GCF_001729865.1_ASM172986v1_genomic.fna	../only_chromosome/GCF_001729905.1_ASM172990v1_genomic.fna	../only_chromosome/GCF_000318565.1_ASM31856v1_genomic.fna	../only_chromosome/GCF_000226605.1_ASM22660v1_genomic.fna	../only_chromosome/Ba_ref.fna	../only_chromosome/A_ref.fna	../only_chromosome/GCF_000318525.1_ASM31852v2_genomic.fna	../only_chromosome/C_ref.fna	../only_chromosome/GCF_000507225.1_ASM50722v1_genomic.fna	../only_chromosome/K_ref.fna	../only_chromosome/GCF_001183825.1_ASM118382v1_genomic.fna	../only_chromosome/GCF_001183805.1_ASM118380v1_genomic.fna	../only_chromosome/I_ref.fna	../only_chromosome/GCF_001655335.1_ASM165533v1_genomic.fna	../only_chromosome/GCF_001655375.1_ASM165537v1_genomic.fna	../only_chromosome/GCF_000348845.1_ASM34884v1_genomic.fna	../only_chromosome/GCF_000348825.1_ASM34882v1_genomic.fna	../only_chromosome/GCF_001655415.1_ASM165541v1_genomic.fna	../only_chromosome/Ia_ref.fna	../only_chromosome/GCF_000318785.1_ASM31878v1_genomic.fna	../only_chromosome/GCF_001655575.1_ASM165557v1_genomic.fna	../only_chromosome/GCF_001655455.1_ASM165545v1_genomic.fna	../only_chromosome/F_ref.fna	../only_chromosome/GCF_001183765.1_ASM118376v1_genomic.fna	../only_chromosome/GCF_000318765.1_ASM31876v1_genomic.fna	../only_chromosome/D_ref.fna	../only_chromosome/E_ref.fna	../only_chromosome/GCF_000318665.1_ASM31866v1_genomic.fna	../only_chromosome/GCF_000318645.1_ASM31864v1_genomic.fna	../only_chromosome/GCF_000092485.1_ASM9248v1_genomic.fna	../only_chromosome/GCF_000093005.1_ASM9300v1_genomic.fna	../only_chromosome/G_ref.fna	../only_chromosome/Da_ref.fna	../only_chromosome/GCF_001183845.1_ASM118384v1_genomic.fna	../only_chromosome/L1_ref.fna	../only_chromosome/GCF_000319165.1_ASM31916v1_genomic.fna	../only_chromosome/L3_ref.fna	../only_chromosome/GCF_000319105.1_ASM31910v1_genomic.fna	../only_chromosome/GCF_000318845.1_ASM31884v1_genomic.fna	../only_chromosome/L2_ref.fna	../only_chromosome/GCF_000971725.1_ASM97172v1_genomic.fna	../only_chromosome/GCF_000971705.1_ASM97170v1_genomic.fna	../only_chromosome/GCF_000318905.1_ASM31890v1_genomic.fna	../only_chromosome/GCF_000318925.1_ASM31892v1_genomic.fna	../only_chromosome/GCF_000364765.1_ASM36476v1_genomic.fna	../only_chromosome/GCF_000364785.1_ASM36478v1_genomic.fna	../only_chromosome/GCF_000318865.1_ASM31886v1_genomic.fna	../only_chromosome/GCF_000318985.1_ASM31898v1_genomic.fna	../only_chromosome/L2c_ref.fna	../only_chromosome/L2a_ref.fna	../only_chromosome/GCF_025723025.1_ASM2572302v1_genomic.fna
../only_chromosome/GCF_002777035.1_ASM277703v1_genomic.fna	1.000000	1.000000	1.000000	0.933737	0.933737	0.921042	0.921042	0.714171	0.702008	0.702008	0.715868	0.864863	0.863626	0.702156	0.952122	0.950824	0.944190	0.944569	0.702156	0.946531	0.708195	0.707321	0.947814	0.708723	0.706515	0.909597	0.720533	0.711669	0.907893	0.907893	0.721167	0.695614	0.724167	0.715072	0.723880	0.721470	0.716499	0.709234	0.716421	0.947130	0.948070	0.948933	0.945312	0.712104	0.927552	0.923393	0.930835	0.665401	0.665401	0.666151	0.680786	0.680786	0.691801	0.992383	0.714529	0.708707	0.942825	0.993438	0.857356	0.844859	0.848964	0.847517	0.834611	0.848286	0.870064	0.869677	0.844439	0.865479	0.869105	0.850807	0.850807	0.923825	0.706050	0.706851	0.924579	0.712650	0.709553	0.706469	0.706469	0.707664	0.948334	0.947024	0.720411	0.711647	0.716198	0.931533	0.949645	0.926880	0.705690	0.710987	0.706469	0.927552	0.927552	0.916544	0.729392	0.926729	0.665401	0.667717	0.663632	0.663632	0.670755	0.692983	0.666151	0.666151	0.666151	0.666151	0.680786	0.680786	0.668881	0.666151	0.690891	0.668274	0.666151
../only_chromosome/GCF_002777075.1_ASM277707v1_genomic.fna	1.000000	1.000000	1.000000	0.933737	0.933737	0.921042	0.921042	0.714171	0.702008	0.702008	0.715868	0.864863	0.863626	0.702156	0.952122	0.950824	0.944190	0.944569	0.702156	0.946531	0.708195	0.707321	0.947814	0.708723	0.706515	0.909597	0.720533	0.711669	0.907893	0.907893	0.721167	0.695614	0.724167	0.715072	0.723880	0.721470	0.716499	0.709234	0.716421	0.947130	0.948070	0.948933	0.945312	0.712104	0.927552	0.923393	0.930835	0.665401	0.665401	0.666151	0.680786	0.680786	0.691801	0.992383	0.714529	0.708707	0.942825	0.993438	0.857356	0.844859	0.848964	0.847517	0.834611	0.848286	0.870064	0.869677	0.844439	0.865479	0.869105	0.850807	0.850807	0.923825	0.706050	0.706851	0.924579	0.712650	0.709553	0.706469	0.706469	0.707664	0.948334	0.947024	0.720411	0.711647	0.716198	0.931533	0.949645	0.926880	0.705690	0.710987	0.706469	0.927552	0.927552	0.916544	0.729392	0.926729	0.665401	0.667717	0.663632	0.663632	0.670755	0.692983	0.666151	0.666151	0.666151	0.666151	0.680786	0.680786	0.668881	0.666151	0.690891	0.668274	0.666151
../only_chromosome/GCF_002777055.1_ASM277705v1_genomic.fna	1.000000	1.000000	1.000000	0.933737	0.933737	0.921042	0.921042	0.714171	0.702008	0.702008	0.715868	0.864863	0.863626	0.702156	0.952122	0.950824	0.944190	0.944569	0.702156	0.946531	0.708195	0.707321	0.947814	0.708723	0.706515	0.909597	0.720533	0.711669	0.907893	0.907893	0.721167	0.695614	0.724167	0.715072	0.723880	0.721470	0.716499	0.709234	0.716421	0.947130	0.948070	0.948933	0.945312	0.712104	0.927552	0.923393	0.930835	0.665401	0.665401	0.666151	0.680786	0.680786	0.691801	0.992383	0.714529	0.708707	0.942825	0.993438	0.857356	0.844859	0.848964	0.847517	0.834611	0.848286	0.870064	0.869677	0.844439	0.865479	0.869105	0.850807	0.850807	0.923825	0.706050	0.706851	0.924579	0.712650	0.709553	0.706469	0.706469	0.707664	0.948334	0.947024	0.720411	0.711647	0.716198	0.931533	0.949645	0.926880	0.705690	0.710987	0.706469	0.927552	0.927552	0.916544	0.729392	0.926729	0.665401	0.667717	0.663632	0.663632	0.670755	0.692983	0.666151	0.666151	0.666151	0.666151	0.680786	0.680786	0.668881	0.666151	0.690891	0.668274	0.666151
../only_chromosome/GCF_002776885.1_ASM277688v1_genomic.fna	0.933737	0.933737	0.933737	1.000000	1.000000	0.928490	0.928490	0.714791	0.697048	0.697048	0.716488	0.849774	0.848689	0.706235	0.927513	0.926203	0.919628	0.923790	0.706235	0.920676	0.715031	0.714170	0.920608	0.714271	0.710978	0.919233	0.719721	0.717217	0.920068	0.920068	0.718285	0.695066	0.730759	0.716735	0.723066	0.718587	0.718163	0.720024	0.718270	0.918749	0.918345	0.919194	0.915536	0.713950	0.965096	0.941099	0.981355	0.657662	0.657662	0.658428	0.673062	0.673062	0.686586	0.931290	0.719010	0.708665	0.971022	0.932374	0.841285	0.829749	0.837149	0.832422	0.819585	0.833196	0.855197	0.854766	0.831503	0.853211	0.854246	0.834415	0.834415	0.965974	0.710184	0.714768	0.962672	0.716936	0.714019	0.713021	0.713021	0.712128	0.921120	0.919796	0.723152	0.713310	0.717862	0.983489	0.919915	0.964411	0.713597	0.715450	0.714375	0.965096	0.965096	0.955844	0.726506	0.957200	0.657662	0.659994	0.655897	0.655897	0.664086	0.683874	0.658428	0.658428	0.658428	0.658428	0.673062	0.673062	0.662220	0.658428	0.685679	0.661942	0.658428
../only_chromosome/GCF_002776845.1_ASM277684v1_genomic.fna	0.933737	0.933737	0.933737	1.000000	1.000000	0.928490	0.928490	0.714791	0.697048	0.697048	0.716488	0.849774	0.848689	0.706235	0.927513	0.926203	0.919628	0.923790	0.706235	0.920676	0.715031	0.714170	0.920608	0.714271	0.710978	0.919233	0.719721	0.717217	0.920068	0.920068	0.718285	0.695066	0.730759	0.716735	0.723066	0.718587	0.718163	0.720024	0.718270	0.918749	0.918345	0.919194	0.915536	0.713950	0.965096	0.941099	0.981355	0.657662	0.657662	0.658428	0.673062	0.673062	0.686586	0.931290	0.719010	0.708665	0.971022	0.932374	0.841285	0.829749	0.837149	0.832422	0.819585	0.833196	0.855197	0.854766	0.831503	0.853211	0.854246	0.834415	0.834415	0.965974	0.710184	0.714768	0.962672	0.716936	0.714019	0.713021	0.713021	0.712128	0.921120	0.919796	0.723152	0.713310	0.717862	0.983489	0.919915	0.964411	0.713597	0.715450	0.714375	0.965096	0.965096	0.955844	0.726506	0.957200	0.657662	0.659994	0.655897	0.655897	0.664086	0.683874	0.658428	0.658428	0.658428	0.658428	0.673062	0.673062	0.662220	0.658428	0.685679	0.661942	0.658428
../only_chromosome/GCF_002777135.1_ASM277713v1_genomic.fna	0.921042	0.921042	0.921042	0.928490	0.928490	1.000000	1.000000	0.705238	0.695054	0.695054	0.706909	0.838336	0.839366	0.698271	0.944746	0.943421	0.936822	0.925486	0.698271	0.923508	0.704653	0.704836	0.924837	0.709787	0.704431	0.904486	0.714335	0.706802	0.905295	0.905295	0.713007	0.690741	0.721455	0.711247	0.717655	0.713306	0.712699	0.713381	0.712622	0.921575	0.922570	0.923416	0.919702	0.708258	0.921915	0.916191	0.918172	0.653644	0.653644	0.654470	0.669208	0.669208	0.673771	0.920770	0.712389	0.706589	0.934889	0.921878	0.833171	0.827541	0.821845	0.830262	0.817458	0.831051	0.846092	0.845553	0.823446	0.842981	0.845151	0.823739	0.823739	0.926850	0.706084	0.704343	0.915477	0.711663	0.707477	0.704004	0.704004	0.705587	0.925347	0.924003	0.713855	0.709082	0.712400	0.922249	0.924148	0.921250	0.703211	0.708960	0.704004	0.921915	0.921915	0.912119	0.723315	0.923904	0.653644	0.656049	0.651879	0.651879	0.661601	0.681447	0.654470	0.654470	0.654470	0.654470	0.669208	0.669208	0.659750	0.654470	0.672877	0.656703	0.654470
../only_chromosome/GCF_002777155.1_ASM277715v1_genomic.fna	0.921042	0.921042	0.921042	0.928490	0.928490	1.000000	1.000000	0.705238	0.695054	0.695054	0.706909	0.838336	0.839366	0.698271	0.944746	0.943421	0.936822	0.925486	0.698271	0.923508	0.704653	0.704836	0.924837	0.709787	0.704431	0.904486	0.714335	0.706802	0.905295	0.905295	0.713007	0.690741	0.721455	0.711247	0.717655	0.713306	0.712699	0.713381	0.712622	0.921575	0.922570	0.923416	0.919702	0.708258	0.921915	0.916191	0.918172	0.653644	0.653644	0.654470	0.669208	0.669208	0.673771	0.920770	0.712389	0.706589	0.934889	0.921878	0.833171	0.827541	0.821845	0.830262	0.817458	0.831051	0.846092	0.845553	0.823446	0.842981	0.845151	0.823739	0.823739	0.926850	0.706084	0.704343	0.915477	0.711663	0.707477	0.704004	0.704004	0.705587	0.925347	0.924003	0.713855	0.709082	0.712400	0.922249	0.924148	0.921250	0.703211	0.708960	0.704004	0.921915	0.921915	0.912119	0.723315	0.923904	0.653644	0.656049	0.651879	0.651879	0.661601	0.681447	0.654470	0.654470	0.654470	0.654470	0.669208	0.669208	0.659750	0.654470	0.672877	0.656703	0.654470
../only_chromosome/GCF_000173515.1_ASM17351v1_genomic.fna	0.714171	0.714171	0.714171	0.714791	0.714791	0.705238	0.705238	1.000000	0.939202	0.939202	0.995442	0.725502	0.715036	0.924418	0.714673	0.713287	0.717708	0.715421	0.924418	0.715469	0.928970	0.929541	0.716188	0.932790	0.929153	0.704070	0.923084	0.914711	0.704745	0.704745	0.926977	0.915600	0.928005	0.931893	0.931475	0.922727	0.933220	0.931659	0.933132	0.713619	0.714036	0.714799	0.717800	0.928909	0.699528	0.699576	0.709475	0.648370	0.648370	0.649486	0.666176	0.666176	0.660146	0.713759	0.925827	0.935138	0.719527	0.714926	0.712174	0.698006	0.702407	0.700778	0.689611	0.701589	0.715538	0.716518	0.701733	0.714413	0.714654	0.694406	0.694406	0.703208	0.932571	0.921992	0.700069	0.935564	0.931950	0.925810	0.925810	0.930314	0.716648	0.715255	0.924283	0.928181	0.932879	0.712535	0.715567	0.698933	0.925098	0.937323	0.925810	0.699528	0.699528	0.708214	0.895622	0.706526	0.648370	0.651045	0.651001	0.651001	0.647714	0.662419	0.649486	0.649486	0.649486	0.649486	0.666176	0.666176	0.649732	0.649486	0.659249	0.649873	0.649486
../only_chromosome/GCF_002776795.1_ASM277679v1_genomic.fna	0.702008	0.702008	0.702008	0.697048	0.697048	0.695054	0.695054	0.939202	1.000000	1.000000	0.936707	0.712352	0.702281	0.943516	0.708421	0.709530	0.711442	0.709136	0.943516	0.709186	0.929511	0.932832	0.709900	0.934664	0.931018	0.692784	0.949988	0.916624	0.693455	0.693455	0.963024	0.912821	0.939897	0.958891	0.950647	0.963372	0.960197	0.931496	0.960108	0.707340	0.707753	0.708515	0.711513	0.955913	0.682009	0.699077	0.696308	0.657300	0.657300	0.658380	0.675034	0.675034	0.668997	0.701595	0.925668	0.947338	0.697376	0.702760	0.699417	0.689850	0.691805	0.692611	0.681473	0.693419	0.702795	0.703763	0.689021	0.701304	0.701916	0.688343	0.688343	0.685683	0.957761	0.922566	0.686917	0.937426	0.933814	0.926356	0.926356	0.932178	0.710360	0.708973	0.951268	0.952573	0.959850	0.699342	0.709279	0.681418	0.925649	0.926964	0.926356	0.682009	0.682009	0.689916	0.929705	0.689010	0.657300	0.659934	0.659923	0.659923	0.656699	0.670928	0.658380	0.658380	0.658380	0.658380	0.675034	0.675034	0.658697	0.658380	0.668093	0.658718	0.658380
../only_chromosome/GCF_002776745.1_ASM277674v1_genomic.fna	0.702008	0.702008	0.702008	0.697048	0.697048	0.695054	0.695054	0.939202	1.000000	1.000000	0.936707	0.712352	0.702281	0.943516	0.708421	0.709530	0.711442	0.709136	0.943516	0.709186	0.929511	0.932832	0.709900	0.934664	0.931018	0.692784	0.949988	0.916624	0.693455	0.693455	0.963024	0.912821	0.939897	0.958891	0.950647	0.963372	0.960197	0.931496	0.960108	0.707340	0.707753	0.708515	0.711513	0.955913	0.682009	0.699077	0.696308	0.657300	0.657300	0.658380	0.675034	0.675034	0.668997	0.701595	0.925668	0.947338	0.697376	0.702760	0.699417	0.689850	0.691805	0.692611	0.681473	0.693419	0.702795	0.703763	0.689021	0.701304	0.701916	0.688343	0.688343	0.685683	0.957761	0.922566	0.686917	0.937426	0.933814	0.926356	0.926356	0.932178	0.710360	0.708973	0.951268	0.952573	0.959850	0.699342	0.709279	0.681418	0.925649	0.926964	0.926356	0.682009	0.682009	0.689916	0.929705	0.689010	0.657300	0.659934	0.659923	0.659923	0.656699	0.670928	0.658380	0.658380	0.658380	0.658380	0.675034	0.675034	0.658697	0.658380	0.668093	0.658718	0.658380
../only_chromosome/GCF_000173535.1_ASM17353v1_genomic.fna	0.715868	0.715868	0.715868	0.716488	0.716488	0.706909	0.706909	0.995442	0.936707	0.936707	1.000000	0.727221	0.716741	0.919862	0.716365	0.714977	0.719407	0.717135	0.919862	0.717182	0.924410	0.924959	0.717904	0.928192	0.924565	0.703703	0.918532	0.910106	0.704375	0.704375	0.922409	0.913141	0.923424	0.927321	0.926915	0.918154	0.928654	0.927029	0.928566	0.715330	0.715751	0.716513	0.719513	0.924335	0.699123	0.701272	0.709101	0.652468	0.652468	0.653587	0.670299	0.670299	0.664260	0.715453	0.921202	0.932622	0.721225	0.716623	0.713864	0.699676	0.704107	0.702454	0.691285	0.703267	0.717256	0.718230	0.703421	0.716122	0.716372	0.696099	0.696099	0.702812	0.928020	0.917414	0.699670	0.930971	0.927360	0.921250	0.921250	0.925727	0.718364	0.716968	0.919712	0.923578	0.928314	0.712145	0.717283	0.698528	0.920534	0.932749	0.921250	0.699123	0.699123	0.707800	0.891026	0.706145	0.652468	0.655148	0.655103	0.655103	0.651811	0.666537	0.653587	0.653587	0.653587	0.653587	0.670299	0.670299	0.653832	0.653587	0.663363	0.653975	0.653587
../only_chromosome/GCF_000026925.1_ASM2692v1_genomic.fna	0.864863	0.864863	0.864863	0.849774	0.849774	0.838336	0.838336	0.725502	0.712352	0.712352	0.727221	1.000000	0.938478	0.705860	0.863046	0.861724	0.859187	0.851813	0.705860	0.853716	0.711364	0.709281	0.855046	0.721905	0.716876	0.853700	0.713235	0.709308	0.854494	0.854494	0.714526	0.714294	0.707993	0.712990	0.721748	0.718651	0.714405	0.717999	0.714327	0.851817	0.852821	0.853645	0.856889	0.710035	0.837442	0.847809	0.846174	0.657769	0.657769	0.657974	0.668674	0.668674	0.675242	0.867037	0.718040	0.722232	0.854842	0.868136	0.934360	0.909644	0.913904	0.912211	0.898992	0.912949	0.931514	0.933170	0.928116	0.955628	0.930519	0.911092	0.911092	0.840975	0.710385	0.710050	0.839745	0.720243	0.719207	0.709639	0.709639	0.717677	0.855543	0.854209	0.705606	0.716640	0.714103	0.849831	0.854374	0.836799	0.708869	0.720435	0.709639	0.837442	0.837442	0.833457	0.740687	0.835111	0.657769	0.655672	0.656006	0.656006	0.657337	0.678030	0.657974	0.657974	0.657974	0.657974	0.668674	0.668674	0.656844	0.657974	0.674338	0.656217	0.657974
../only_chromosome/GCF_000026905.1_ASM2690v1_genomic.fna	0.863626	0.863626	0.863626	0.848689	0.848689	0.839366	0.839366	0.715036	0.702281	0.702281	0.716741	0.938478	1.000000	0.696904	0.862322	0.860995	0.858468	0.850601	0.696904	0.852504	0.701333	0.699213	0.853842	0.711450	0.706438	0.850139	0.703220	0.699927	0.850927	0.850927	0.704478	0.704337	0.698996	0.702934	0.711716	0.708602	0.704358	0.707490	0.704280	0.850604	0.851616	0.852438	0.855676	0.699976	0.836327	0.846396	0.845098	0.655179	0.655179	0.659791	0.670509	0.670509	0.676371	0.865798	0.708902	0.711770	0.853750	0.866902	0.944810	0.928708	0.904632	0.931266	0.917963	0.932000	0.982742	0.984544	0.944618	0.925325	0.981722	0.901831	0.901831	0.839873	0.700360	0.702419	0.837557	0.709793	0.708764	0.700680	0.700680	0.707239	0.854338	0.852997	0.696625	0.706540	0.704057	0.848734	0.853171	0.835685	0.699904	0.710015	0.700680	0.836327	0.836327	0.832316	0.727444	0.834019	0.655179	0.657486	0.653417	0.653417	0.660231	0.678506	0.659791	0.659791	0.659791	0.659791	0.670509	0.670509	0.659739	0.659791	0.675467	0.658040	0.659791
../only_chromosome/GCF_002777095.1_ASM277709v1_genomic.fna	0.702156	0.702156	0.702156	0.706235	0.706235	0.698271	0.698271	0.924418	0.943516	0.943516	0.919862	0.705860	0.696904	1.000000	0.711006	0.712120	0.713994	0.710246	1.000000	0.710301	0.976834	0.957868	0.711004	0.957707	0.954017	0.699708	0.974873	0.940755	0.700392	0.700392	0.953928	0.895300	0.945397	0.963255	0.955010	0.954274	0.964548	0.954678	0.964458	0.708458	0.708857	0.709622	0.712633	0.960287	0.697663	0.703207	0.707453	0.638141	0.638141	0.638108	0.657163	0.657163	0.651160	0.701755	0.944306	0.937631	0.710971	0.702910	0.693011	0.678951	0.687420	0.681699	0.670597	0.682503	0.697375	0.698363	0.682631	0.701637	0.696495	0.679469	0.679469	0.701291	0.962086	0.971052	0.700649	0.960448	0.956823	0.973377	0.973377	0.955175	0.711465	0.710090	0.956711	0.965039	0.964199	0.708515	0.710380	0.697064	0.974048	0.949927	0.974734	0.697663	0.697663	0.710222	0.920749	0.707004	0.638141	0.640774	0.642113	0.642113	0.638887	0.653073	0.638108	0.638108	0.638108	0.638108	0.657163	0.657163	0.640880	0.638108	0.650263	0.640933	0.638108
../only_chromosome/GCF_000173495.1_ASM17349v1_genomic.fna	0.952122	0.952122	0.952122	0.927513	0.927513	0.944746	0.944746	0.714673	0.708421	0.708421	0.716365	0.863046	0.862322	0.711006	1.000000	0.997324	0.990585	0.967261	0.711006	0.965315	0.717063	0.714827	0.966595	0.718956	0.715660	0.918869	0.728078	0.716973	0.919700	0.919700	0.728711	0.706504	0.731717	0.722598	0.731431	0.729014	0.724030	0.723342	0.723952	0.963371	0.964308	0.965176	0.961552	0.719622	0.920538	0.928210	0.925284	0.657681	0.657681	0.658463	0.673126	0.673126	0.684166	0.951894	0.717081	0.715414	0.933810	0.952975	0.858105	0.850046	0.845776	0.852714	0.839793	0.853485	0.868823	0.868405	0.849645	0.865115	0.867867	0.847632	0.847632	0.921487	0.717393	0.715715	0.923821	0.722892	0.718706	0.715332	0.715332	0.716812	0.967118	0.965808	0.724106	0.720524	0.723728	0.930586	0.965887	0.919870	0.714551	0.720145	0.715332	0.920538	0.920538	0.910847	0.736956	0.926375	0.657681	0.660032	0.655916	0.655916	0.661611	0.685327	0.658463	0.658463	0.658463	0.658463	0.673126	0.673126	0.661134	0.658463	0.683262	0.660630	0.658463
../only_chromosome/GCF_000173475.1_ASM17347v1_genomic.fna	0.950824	0.950824	0.950824	0.926203	0.926203	0.943421	0.943421	0.713287	0.709530	0.709530	0.714977	0.861724	0.860995	0.712120	0.997324	1.000000	0.989302	0.965993	0.712120	0.964045	0.718180	0.715940	0.965328	0.720069	0.716773	0.917574	0.729204	0.718086	0.918402	0.918402	0.729835	0.705151	0.732841	0.723717	0.732557	0.730138	0.725151	0.724454	0.725073	0.962101	0.963042	0.963908	0.960277	0.720739	0.919216	0.926923	0.923982	0.656224	0.656224	0.657013	0.671684	0.671684	0.682731	0.950592	0.718190	0.716525	0.932495	0.951676	0.856762	0.848691	0.844456	0.851364	0.838452	0.852138	0.867518	0.867089	0.848310	0.863798	0.866563	0.846316	0.846316	0.920171	0.718512	0.716831	0.922505	0.724008	0.719821	0.716449	0.716449	0.717926	0.965851	0.964538	0.725227	0.721638	0.724849	0.929271	0.964621	0.918549	0.715667	0.721262	0.716449	0.919216	0.919216	0.909508	0.738084	0.925070	0.656224	0.658583	0.654459	0.654459	0.660145	0.683888	0.657013	0.657013	0.657013	0.657013	0.671684	0.671684	0.659671	0.657013	0.681828	0.659191	0.657013
../only_chromosome/GCF_000590755.1_ASM59075v1_genomic.fna	0.944190	0.944190	0.944190	0.919628	0.919628	0.936822	0.936822	0.717708	0.711442	0.711442	0.719407	0.859187	0.858468	0.713994	0.990585	0.989302	1.000000	0.959305	0.713994	0.957362	0.720049	0.717837	0.958640	0.721979	0.718676	0.911005	0.731039	0.719998	0.911833	0.911833	0.730981	0.705646	0.734707	0.725592	0.734401	0.731285	0.727018	0.726391	0.726940	0.955422	0.956358	0.957224	0.953607	0.722621	0.914048	0.920329	0.918783	0.657682	0.657682	0.658451	0.673088	0.673088	0.684107	0.943960	0.720131	0.718446	0.925910	0.945040	0.854270	0.846230	0.841940	0.848890	0.835981	0.849659	0.861064	0.864535	0.845815	0.861250	0.860110	0.843791	0.843791	0.914995	0.720375	0.718716	0.915941	0.725906	0.721722	0.718319	0.718319	0.719827	0.959162	0.957855	0.727094	0.723548	0.726715	0.922693	0.957934	0.913381	0.717541	0.723145	0.718319	0.914048	0.914048	0.902989	0.739939	0.919872	0.657682	0.660017	0.655918	0.655918	0.661624	0.685275	0.658451	0.658451	0.658451	0.658451	0.673088	0.673088	0.661142	0.658451	0.683202	0.660599	0.658451
../only_chromosome/GCF_000590715.1_ASM59071v1_genomic.fna	0.944569	0.944569	0.944569	0.923790	0.923790	0.925486	0.925486	0.715421	0.709136	0.709136	0.717135	0.851813	0.850601	0.710246	0.967261	0.965993	0.959305	1.000000	0.710246	0.994492	0.716274	0.715482	0.995713	0.718295	0.714982	0.908040	0.727164	0.716323	0.908883	0.908883	0.729213	0.704528	0.732244	0.723167	0.731884	0.729519	0.724571	0.722757	0.724492	0.992544	0.993413	0.994303	0.990794	0.720219	0.913854	0.924286	0.922874	0.659874	0.659874	0.660581	0.675112	0.675112	0.686042	0.944368	0.716521	0.714797	0.924466	0.945425	0.846519	0.836663	0.837128	0.839281	0.826390	0.840038	0.856919	0.856577	0.833638	0.853837	0.855960	0.838946	0.838946	0.914752	0.717931	0.714983	0.916200	0.722187	0.718018	0.714549	0.714549	0.716126	0.996249	0.994982	0.724646	0.719859	0.724266	0.928275	0.994988	0.913181	0.713785	0.719397	0.714549	0.913854	0.913854	0.908830	0.737437	0.919521	0.659874	0.662135	0.658110	0.658110	0.663875	0.687244	0.660581	0.660581	0.660581	0.660581	0.675112	0.675112	0.663368	0.660581	0.685129	0.662640	0.660581
../only_chromosome/GCF_002777115.1_ASM277711v1_genomic.fna	0.702156	0.702156	0.702156	0.706235	0.706235	0.698271	0.698271	0.924418	0.943516	0.943516	0.919862	0.705860	0.696904	1.000000	0.711006	0.712120	0.713994	0.710246	1.000000	0.710301	0.976834	0.957868	0.711004	0.957707	0.954017	0.699708	0.974873	0.940755	0.700392	0.700392	0.953928	0.895300	0.945397	0.963255	0.955010	0.954274	0.964548	0.954678	0.964458	0.708458	0.708857	0.709622	0.712633	0.960287	0.697663	0.703207	0.707453	0.638141	0.638141	0.638108	0.657163	0.657163	0.651160	0.701755	0.944306	0.937631	0.710971	0.702910	0.693011	0.678951	0.687420	0.681699	0.670597	0.682503	0.697375	0.698363	0.682631	0.701637	0.696495	0.679469	0.679469	0.701291	0.962086	0.971052	0.700649	0.960448	0.956823	0.973377	0.973377	0.955175	0.711465	0.710090	0.956711	0.965039	0.964199	0.708515	0.710380	0.697064	0.974048	0.949927	0.974734	0.697663	0.697663	0.710222	0.920749	0.707004	0.638141	0.640774	0.642113	0.642113	0.638887	0.653073	0.638108	0.638108	0.638108	0.638108	0.657163	0.657163	0.640880	0.638108	0.650263	0.640933	0.638108
../only_chromosome/GCF_002776935.1_ASM277693v1_genomic.fna	0.946531	0.946531	0.946531	0.920676	0.920676	0.923508	0.923508	0.715469	0.709186	0.709186	0.717182	0.853716	0.852504	0.710301	0.965315	0.964045	0.957362	0.994492	0.710301	1.000000	0.716331	0.715534	0.997708	0.718346	0.715034	0.904294	0.727227	0.716373	0.905132	0.905132	0.729274	0.704588	0.728479	0.723225	0.731947	0.729579	0.724629	0.718963	0.724551	0.998050	0.995407	0.996297	0.992786	0.720274	0.910068	0.920548	0.919116	0.664825	0.664825	0.665527	0.680067	0.680067	0.691003	0.946330	0.715856	0.714845	0.919967	0.947387	0.848418	0.836036	0.836525	0.838658	0.825771	0.839416	0.858826	0.858484	0.835529	0.851878	0.857867	0.838347	0.838347	0.910974	0.715526	0.715037	0.912421	0.722240	0.718070	0.714606	0.714606	0.716178	0.998244	0.996977	0.724705	0.719910	0.724324	0.924494	0.996983	0.909397	0.713840	0.719452	0.714606	0.910068	0.910068	0.905023	0.737499	0.915758	0.664825	0.667082	0.663058	0.663058	0.668840	0.692210	0.665527	0.665527	0.665527	0.665527	0.680067	0.680067	0.668329	0.665527	0.690088	0.667578	0.665527
../only_chromosome/GCF_000092745.1_ASM9274v1_genomic.fna	0.708195	0.708195	0.708195	0.715031	0.715031	0.704653	0.704653	0.928970	0.929511	0.929511	0.924410	0.711364	0.701333	0.976834	0.717063	0.718180	0.720049	0.716274	0.976834	0.716331	1.000000	0.977612	0.717031	0.965942	0.962242	0.705719	0.960407	0.947898	0.706407	0.706407	0.939246	0.900402	0.929804	0.948743	0.940520	0.939590	0.950044	0.962932	0.949955	0.714485	0.714881	0.715648	0.718668	0.945773	0.706461	0.705421	0.714841	0.634813	0.634813	0.637266	0.653851	0.653851	0.647851	0.707797	0.952543	0.950023	0.719786	0.708951	0.698518	0.684451	0.690440	0.687198	0.676073	0.688002	0.701794	0.702789	0.688118	0.707133	0.700912	0.682482	0.682482	0.710086	0.948968	0.993167	0.709445	0.967973	0.965053	0.995464	0.995464	0.963400	0.717494	0.716120	0.941140	0.960601	0.949698	0.717324	0.716406	0.705860	0.996142	0.970327	0.995464	0.706461	0.706461	0.715206	0.909469	0.715789	0.634813	0.637456	0.638787	0.638787	0.635543	0.649756	0.637266	0.637266	0.637266	0.637266	0.653851	0.653851	0.637541	0.637266	0.646956	0.637629	0.637266
../only_chromosome/GCF_000590655.1_ASM59065v1_genomic.fna	0.707321	0.707321	0.707321	0.714170	0.714170	0.704836	0.704836	0.929541	0.932832	0.932832	0.924959	0.709281	0.699213	0.957868	0.714827	0.715940	0.717837	0.715482	0.957868	0.715534	0.977612	1.000000	0.716244	0.967976	0.964279	0.703539	0.955355	0.949890	0.704220	0.704220	0.954747	0.900079	0.945283	0.964278	0.956024	0.955093	0.965581	0.964928	0.965492	0.713686	0.714093	0.714858	0.717868	0.961299	0.705557	0.705718	0.714004	0.646114	0.646114	0.648573	0.665211	0.665211	0.659189	0.705555	0.954521	0.950646	0.718915	0.706718	0.696345	0.682220	0.688339	0.684986	0.673881	0.685796	0.699736	0.700698	0.685959	0.698240	0.698857	0.680374	0.680374	0.709204	0.951711	0.970724	0.706076	0.970016	0.967093	0.973078	0.973078	0.965440	0.716705	0.715322	0.956649	0.974821	0.965233	0.716450	0.715620	0.704957	0.973746	0.972393	0.973078	0.705557	0.705557	0.714284	0.913893	0.712469	0.646114	0.648763	0.650101	0.650101	0.646854	0.663738	0.648573	0.648573	0.648573	0.648573	0.665211	0.665211	0.648857	0.648573	0.658290	0.648932	0.648573
../only_chromosome/GCF_002776915.1_ASM277691v1_genomic.fna	0.947814	0.947814	0.947814	0.920608	0.920608	0.924837	0.924837	0.716188	0.709900	0.709900	0.717904	0.855046	0.853842	0.711004	0.966595	0.965328	0.958640	0.995713	0.711004	0.997708	0.717031	0.716244	1.000000	0.719061	0.715746	0.904875	0.727915	0.717089	0.905715	0.905715	0.729968	0.705278	0.729180	0.723926	0.732637	0.730275	0.725328	0.719690	0.725249	0.995760	0.997698	0.997515	0.994014	0.720978	0.910673	0.921113	0.919696	0.663178	0.663178	0.663877	0.678405	0.678405	0.689332	0.947618	0.717293	0.715564	0.921280	0.948672	0.849776	0.837412	0.837856	0.840027	0.827132	0.840783	0.860135	0.859807	0.836881	0.853204	0.859174	0.839673	0.839673	0.911573	0.716225	0.715743	0.913020	0.722950	0.718782	0.715306	0.715306	0.716890	0.999463	0.998199	0.725404	0.720625	0.725022	0.925087	0.998199	0.910002	0.714542	0.720158	0.715306	0.910673	0.910673	0.905646	0.738193	0.916344	0.663178	0.665431	0.661413	0.661413	0.667194	0.690540	0.663877	0.663877	0.663877	0.663877	0.678405	0.678405	0.666681	0.663877	0.688416	0.665924	0.663877
../only_chromosome/GCF_000092665.1_ASM9266v1_genomic.fna	0.708723	0.708723	0.708723	0.714271	0.714271	0.709787	0.709787	0.932790	0.934664	0.934664	0.928192	0.721905	0.711450	0.957707	0.718956	0.720069	0.721979	0.718295	0.957707	0.718346	0.965942	0.967976	0.719061	1.000000	0.993814	0.715043	0.945119	0.978312	0.715728	0.715728	0.944469	0.895825	0.945530	0.954000	0.948276	0.944813	0.955316	0.991025	0.955227	0.716495	0.716908	0.717672	0.720680	0.951015	0.705621	0.709368	0.715522	0.654790	0.654790	0.657256	0.673937	0.673937	0.667898	0.712011	0.983019	0.968550	0.719008	0.713177	0.708588	0.694800	0.703726	0.697569	0.685340	0.698380	0.711954	0.712931	0.698525	0.710828	0.711072	0.695727	0.695727	0.709287	0.952899	0.959015	0.708592	0.994803	0.995569	0.962770	0.962770	0.993903	0.719521	0.718132	0.946371	0.967238	0.954971	0.716540	0.718437	0.705023	0.962070	0.987233	0.961407	0.705621	0.705621	0.718207	0.916975	0.712580	0.654790	0.657446	0.658788	0.658788	0.655535	0.669820	0.657256	0.657256	0.657256	0.657256	0.673937	0.673937	0.657543	0.657256	0.666997	0.657614	0.657256
../only_chromosome/GCF_000304495.1_Cm_ESW3_genomic.fna	0.706515	0.706515	0.706515	0.710978	0.710978	0.704431	0.704431	0.929153	0.931018	0.931018	0.924565	0.716876	0.706438	0.954017	0.715660	0.716773	0.718676	0.714982	0.954017	0.715034	0.962242	0.964279	0.715746	0.993814	1.000000	0.709662	0.941447	0.979919	0.710345	0.710345	0.940805	0.892221	0.941867	0.950322	0.944603	0.941148	0.951634	0.987307	0.951546	0.713185	0.713595	0.714359	0.717366	0.947343	0.702694	0.710958	0.712568	0.656909	0.656909	0.659356	0.676014	0.676014	0.669976	0.709801	0.984297	0.969832	0.715712	0.710963	0.703583	0.689452	0.698363	0.692217	0.680008	0.693026	0.706939	0.707916	0.693171	0.708237	0.706058	0.690378	0.690378	0.706351	0.949217	0.955329	0.710580	0.991069	0.996804	0.959074	0.959074	0.995137	0.716207	0.714821	0.942703	0.963547	0.951289	0.713595	0.715123	0.702097	0.958376	0.988467	0.957713	0.702694	0.702694	0.715270	0.910923	0.709632	0.656909	0.659546	0.660899	0.660899	0.657674	0.671908	0.659356	0.659356	0.659356	0.659356	0.676014	0.676014	0.659673	0.659356	0.669072	0.659694	0.659356
../only_chromosome/GCF_000092725.1_ASM9272v1_genomic.fna	0.909597	0.909597	0.909597	0.919233	0.919233	0.904486	0.904486	0.704070	0.692784	0.692784	0.703703	0.853700	0.850139	0.699708	0.918869	0.917574	0.911005	0.908040	0.699708	0.904294	0.705719	0.703539	0.904875	0.715043	0.709662	1.000000	0.714180	0.710992	0.998375	0.998375	0.715253	0.686173	0.720316	0.711251	0.719996	0.715556	0.712664	0.715971	0.712586	0.904892	0.905135	0.905984	0.902361	0.708300	0.921750	0.934363	0.926070	0.661029	0.661029	0.661746	0.676301	0.676301	0.683387	0.911926	0.708036	0.700500	0.922642	0.913003	0.846027	0.837493	0.841363	0.840121	0.829738	0.840881	0.856498	0.858210	0.836570	0.858882	0.855540	0.839762	0.839762	0.918018	0.703586	0.704405	0.920492	0.712838	0.711988	0.703997	0.703997	0.710461	0.905385	0.904074	0.712739	0.707889	0.712361	0.922231	0.906698	0.921076	0.703227	0.709926	0.703997	0.921750	0.921750	0.920514	0.727174	0.916968	0.661029	0.663303	0.659264	0.659264	0.666117	0.684579	0.661746	0.661746	0.661746	0.661746	0.676301	0.676301	0.665611	0.661746	0.682477	0.659969	0.661746
../only_chromosome/GCF_000590635.1_ASM59063v1_genomic.fna	0.720533	0.720533	0.720533	0.719721	0.719721	0.714335	0.714335	0.923084	0.949988	0.949988	0.918532	0.713235	0.703220	0.974873	0.728078	0.729204	0.731039	0.727164	0.974873	0.727227	0.960407	0.955355	0.727915	0.945119	0.941447	0.714180	1.000000	0.927122	0.714877	0.714877	0.978864	0.896438	0.969478	0.988448	0.980115	0.979216	0.989681	0.942057	0.989590	0.725378	0.725760	0.726533	0.729575	0.985433	0.711179	0.720126	0.720900	0.645641	0.645641	0.646707	0.663282	0.663282	0.657271	0.718797	0.931707	0.936297	0.724493	0.719943	0.697960	0.686394	0.694769	0.689131	0.677992	0.689932	0.703649	0.704662	0.690023	0.713515	0.702766	0.686808	0.686808	0.714789	0.975777	0.953545	0.714151	0.947861	0.944246	0.957247	0.957247	0.942603	0.728381	0.727016	0.980769	0.975139	0.989328	0.722029	0.727285	0.710576	0.956557	0.937374	0.957247	0.711179	0.711179	0.723803	0.934648	0.720464	0.645641	0.648300	0.648249	0.648249	0.645050	0.661822	0.646707	0.646707	0.646707	0.646707	0.663282	0.663282	0.647035	0.646707	0.656370	0.647034	0.646707
../only_chromosome/GCF_000210495.1_ASM21049v1_genomic.fna	0.711669	0.711669	0.711669	0.717217	0.717217	0.706802	0.706802	0.914711	0.916624	0.916624	0.910106	0.709308	0.699927	0.940755	0.716973	0.718086	0.719998	0.716323	0.940755	0.716373	0.947898	0.949890	0.717089	0.978312	0.979919	0.710992	0.927122	1.000000	0.711674	0.711674	0.926442	0.877977	0.941473	0.935945	0.930250	0.926782	0.937267	0.972812	0.937179	0.714524	0.714937	0.715701	0.718706	0.932965	0.708924	0.716117	0.718806	0.661990	0.661990	0.664441	0.681124	0.681124	0.675076	0.714960	0.981914	0.955393	0.721963	0.716124	0.695948	0.681784	0.692875	0.684563	0.672396	0.685377	0.700484	0.701428	0.685571	0.709566	0.699607	0.691694	0.691694	0.712585	0.934883	0.942031	0.716821	0.976649	0.982397	0.945806	0.945806	0.980737	0.717550	0.716160	0.942318	0.949113	0.936925	0.719841	0.716467	0.708325	0.945102	0.974089	0.944445	0.708924	0.708924	0.714619	0.912504	0.715867	0.661990	0.664631	0.665986	0.665986	0.662759	0.677011	0.664441	0.664441	0.664441	0.664441	0.681124	0.681124	0.664760	0.664441	0.674170	0.664779	0.664441
../only_chromosome/GCF_000092805.1_ASM9280v1_genomic.fna	0.907893	0.907893	0.907893	0.920068	0.920068	0.905295	0.905295	0.704745	0.693455	0.693455	0.704375	0.854494	0.850927	0.700392	0.919700	0.918402	0.911833	0.908883	0.700392	0.905132	0.706407	0.704220	0.905715	0.715728	0.710345	0.998375	0.714877	0.711674	1.000000	1.000000	0.715945	0.686856	0.721009	0.711940	0.720694	0.716248	0.713354	0.716648	0.713276	0.903214	0.903462	0.904309	0.900677	0.708985	0.922581	0.935226	0.926917	0.661637	0.661637	0.662359	0.676927	0.676927	0.684020	0.912754	0.708709	0.701172	0.923475	0.913833	0.846802	0.838255	0.842154	0.840889	0.830507	0.841650	0.857303	0.859010	0.837345	0.859682	0.856346	0.840552	0.840552	0.918851	0.704273	0.705088	0.921326	0.713522	0.712673	0.704684	0.704684	0.711146	0.906226	0.904912	0.713429	0.708568	0.713052	0.923064	0.905025	0.921908	0.703913	0.710613	0.704684	0.922581	0.922581	0.921336	0.727873	0.915275	0.661637	0.663917	0.659871	0.659871	0.666722	0.685210	0.662359	0.662359	0.662359	0.662359	0.676927	0.676927	0.666218	0.662359	0.683110	0.660587	0.662359
../only_chromosome/GCF_000092685.1_ASM9268v1_genomic.fna	0.907893	0.907893	0.907893	0.920068	0.920068	0.905295	0.905295	0.704745	0.693455	0.693455	0.704375	0.854494	0.850927	0.700392	0.919700	0.918402	0.911833	0.908883	0.700392	0.905132	0.706407	0.704220	0.905715	0.715728	0.710345	0.998375	0.714877	0.711674	1.000000	1.000000	0.715945	0.686856	0.721009	0.711940	0.720694	0.716248	0.713354	0.716648	0.713276	0.903214	0.903462	0.904309	0.900677	0.708985	0.922581	0.935226	0.926917	0.661637	0.661637	0.662359	0.676927	0.676927	0.684020	0.912754	0.708709	0.701172	0.923475	0.913833	0.846802	0.838255	0.842154	0.840889	0.830507	0.841650	0.857303	0.859010	0.837345	0.859682	0.856346	0.840552	0.840552	0.918851	0.704273	0.705088	0.921326	0.713522	0.712673	0.704684	0.704684	0.711146	0.906226	0.904912	0.713429	0.708568	0.713052	0.923064	0.905025	0.921908	0.703913	0.710613	0.704684	0.922581	0.922581	0.921336	0.727873	0.915275	0.661637	0.663917	0.659871	0.659871	0.666722	0.685210	0.662359	0.662359	0.662359	0.662359	0.676927	0.676927	0.666218	0.662359	0.683110	0.660587	0.662359
../only_chromosome/GCF_000174055.1_ASM17405v1_genomic.fna	0.721167	0.721167	0.721167	0.718285	0.718285	0.713007	0.713007	0.926977	0.963024	0.963024	0.922409	0.714526	0.704478	0.953928	0.728711	0.729835	0.730981	0.729213	0.953928	0.729274	0.939246	0.954747	0.729968	0.944469	0.940805	0.715253	0.978864	0.926442	0.715945	0.715945	1.000000	0.899447	0.973485	0.987866	0.979576	0.995765	0.989152	0.941367	0.989062	0.727422	0.727811	0.728583	0.731622	0.984890	0.709882	0.721222	0.724030	0.651029	0.651029	0.652104	0.668720	0.668720	0.662697	0.719420	0.931006	0.935626	0.718668	0.720573	0.699173	0.692117	0.696036	0.694866	0.683709	0.695670	0.704948	0.705940	0.691242	0.708003	0.704066	0.692567	0.692567	0.713514	0.975238	0.932334	0.714759	0.947221	0.943604	0.936090	0.936090	0.941963	0.730434	0.729061	0.980223	0.974545	0.988800	0.725136	0.729339	0.709281	0.935390	0.936735	0.936090	0.709882	0.709882	0.717920	0.946563	0.716750	0.651029	0.653655	0.653645	0.653645	0.650429	0.667255	0.652104	0.652104	0.652104	0.652104	0.668720	0.668720	0.652422	0.652104	0.661795	0.652440	0.652104
